9
13
22
25
8064
8008
8024
8008
8019
64
33
8049
8074
13
8074
8043
91
76
27
8008
64
8008
64
8071
8008
47
8070
137
8041
74
56
59
8085
8041
36
8031
67
8111
8097
79
8042
8008
75
8008
8028
43
8039
77
8099
93
8072
8072
8008
28
8079
8015
44
8110
8008
26
26
8022
31
69
8025
26
28
8008
8119
8013
8037
8050
8026
8038
28
155
8048
14
8008
8067
26
43
238
8028
8046
40
8040
8058
14
28
35
8008
6
46
41
6
40
8020
41
8030
35
48
8029
8010
202
8008
8040
136
18
19
44
174
8008
8012
44
8015
8030
8038
8014
138
17
62
8012
8020
8008
28
18
8011
19
8008
17
8008
8008
8025
24
132
8013
220
8008
8045
28
346
141
201
8008
16
8015
8043
8008
207
162
8015
16
8018
129
24
8008
8008
8008
8008
8015
155
8008
8018
8019
64
8020
239
8046
8021
8046
250
8008
82
8025
8008
8018
8023
8008
8025
8048
8029
181
64
28
38
8008
70
41
8034
8035
65
8052
53
129
28
181
8008
8033
8045
8089
30
8074
8044
8063
158
159
8038
8033
11
8071
11
8043
19
8057
8061
36
8016
30
6
8019
3
8031
64
16
22
8038
13
8092
18
8008
8052
8038
8008
63
8029
8008
50
8040
8008
30
8034
22
27
8119
8034
8008
8052
37
8008
8118
8020
8020
8119
8008
8118
8116
8120
8072
8029
8020
8073
43
8015
8011
8025
37
8013
8008
8008
8008
8008
8010
8014
64
8031
8008
8032
144
8023
8033
8008
8008
8078
8026
8008
8008
8008
111
8037
122
8034
26
65
8034
119
30
8024
186
67
89
8019
8012
8009
70
8033
145
29
8009
11
8027
26
8103
8078
8008
11
34
19
18
8048
8052
67
8097
30
6
165
38
18
8056
11
8034
36
103
25
61
69
9
25
27
46
8051
8008
67
51
245
156
55
165
8013
22
8136
47
33
8040
8034
8039
8012
59
8008
8008
8058
8008
227
55
8008
8011
8008
8077
51
8025
8011
8055
8008
156
8059
8050
8008
188
26
8038
8008
8047
8008
8008
8016
51
8010
8011
8039
8011
8079
8008
8011
8013
8008
8008
8011
8059
8010
8038
8035
8029
8225
8008
8063
8055
8010
50
8052
8010
8100
8031
8050
8034
8011
8008
8018
8039
8008
8054
8010
8008
8008
8046
8079
56
8089
8008
16
8032
30
18
8024
8021
13
26
27
21
3
20
